16
17
20
23
29
30
31
32
34
38
41
47
48
50
52
54
56
58
60
65
66
67
69
70
72
74
77
83
85
86
88
89
94
98
101
102
103
106
108
114
116
119
121
122
123
125
129
132
135
137
142
149
152
153
157
159
164
167
168
169
172
173
175
177
185
192
194
195
199
203
206
209
211
214
216
218
223
237
238
243
247
252
253
260
271
274
277
279
281
283
287
295
297
299
300
303
310
315
321
329
332
335
337
338
340
342
343
344
345
346
350
353
361
371
374
376
381
387
390
392
395
399
400
402
403
404
405
408
410
413
414
417
421
424
426
430
432
445
446
452
454
456
459
464
467
469
472
475
476
482
486
487
489
493
495
498
507
511
512
515
516
520
524
532
537
539
542
544
549
555
556
557
560
573
579
583
587
588
592
610
614
615
625
628
630
635
638
639
644
646
648
652
653
664
670
677
681
684
690
693
695
699
700
707
711
713
716
719
723
727
729
