15
16
19
31
48
52
56
59
60
63
65
76
77
91
94
96
97
98
100
104
109
111
114
117
124
127
129
130
134
136
143
146
149
151
153
155
158
160
162
164
165
166
169
171
176
184
191
193
195
196
198
213
217
225
242
245
247
250
255
259
263
264
268
272
277
284
287
290
293
305
313
323
332
337
343
351
353
369
376
378
399
404
408
418
422
431
446
458
463
470
472
476
489
490
501
506
507
508
509
510
511
523
525
528
529
549
552
556
559
564
569
573
578
581
583
584
586
593
597
602
607
613
618
621
622
623
628
631
634
640
643
646
651
661
666
670
673
674
676
677
681
683
684
686
688
693
696
697
700
702
704
706
712
718
